{
 "cells": [
  {
   "cell_type": "code",
   "execution_count": 1,
   "id": "82f4a783-b4d8-4a0e-8a7d-f75efcc0968d",
   "metadata": {},
   "outputs": [],
   "source": [
    "import numpy as np\n",
    "from pyscf import gto, scf, ao2mo"
   ]
  },
  {
   "cell_type": "markdown",
   "id": "976d3cb6-2ae7-442c-a8e8-c744d4f35e34",
   "metadata": {},
   "source": [
    "$$\n",
    "\\begin{split}\n",
    "J_{\\kappa \\lambda} & = \\sum_{i=1}^N  \\sum_{\\mu}^{M} \\sum_{\\nu}^{M} c_{i, \\mu} c_{i, \\nu} [\\mu \\nu | \\kappa \\lambda]\\\\\n",
    "J_{\\kappa \\lambda} & = Tr[\\bf{C}^T  \\bf{G}_{\\kappa \\lambda} \\bf{C}] \\\\\n",
    "J_{\\kappa \\lambda} & = \\sum_{i=1}^N  [\\phi_i \\phi_i | \\kappa \\lambda]\n",
    "\\end{split}\n",
    "$$\n",
    "\n",
    "where $[\\bf{G}_{\\kappa \\lambda}]_{\\mu \\nu} = [\\mu \\nu | \\kappa \\lambda]$ the matrix spanned by $\\mu, \\nu$ for fixed index pair $\\kappa \\lambda$"
   ]
  },
  {
   "cell_type": "code",
   "execution_count": 2,
   "id": "60c22129-f5c0-4d47-8542-96c8c293c31e",
   "metadata": {},
   "outputs": [],
   "source": [
    "def build_J(Fouridx,C,N):\n",
    "    J = np.zeros(C.shape)\n",
    "    for kappa in range(0,Fouridx.shape[0]):\n",
    "        for lamda in range(0,Fouridx.shape[0]):\n",
    "            J[kappa][lamda] = np.trace(C[:,0:N].T@Fouridx[:,:,kappa,lamda]@C[:,0:N])\n",
    "\n",
    "    return 2*J # needs factor 2 because its spin restricted"
   ]
  },
  {
   "cell_type": "markdown",
   "id": "dee419cd-f2e9-4c67-a644-dcdc36327c8e",
   "metadata": {},
   "source": [
    "$$\n",
    "\\begin{split}\n",
    "J_{\\kappa \\lambda} & = \\sum_{i=1}^N  \\sum_{\\mu}^{M} \\sum_{\\nu}^{M} c_{i, \\mu} c_{i, \\nu} [\\mu  \\kappa| \\nu  \\lambda]\\\\\n",
    "J_{\\kappa \\lambda} & = \\sum_{i=1}^N  [\\phi_i \\kappa | \\phi_i \\lambda]\n",
    "\\end{split}\n",
    "$$"
   ]
  },
  {
   "cell_type": "code",
   "execution_count": 3,
   "id": "4144006b-23bc-46e2-be0d-104b41e271af",
   "metadata": {},
   "outputs": [],
   "source": [
    "def build_K(Fouridx,C,N):\n",
    "    K = np.zeros(C.shape)\n",
    "    for kappa in range(0,Fouridx.shape[0]):\n",
    "        for lamda in range(0,Fouridx.shape[0]):\n",
    "            K[kappa][lamda] = np.trace(C[:,0:N].T@Fouridx[:,kappa,:,lamda]@C[:,0:N])\n",
    "    return 2*K # needs factor 2 because its spin restricted"
   ]
  },
  {
   "cell_type": "code",
   "execution_count": 4,
   "id": "e9d5565f-e297-48fd-9db0-e1028011f51b",
   "metadata": {},
   "outputs": [
    {
     "data": {
      "text/plain": [
       "(9, 9, 9, 9)"
      ]
     },
     "execution_count": 4,
     "metadata": {},
     "output_type": "execute_result"
    }
   ],
   "source": [
    "mol = gto.Mole()\n",
    "mol.atom = \"\"\"\n",
    "    Ne    0.    0.    0.\n",
    "\"\"\"\n",
    "# this basis has 2 functions for Helium\n",
    "mol.basis = \"6-31g\" #mol.basis = \"ccpvdz\", mol.basis = \"sto-6g\"\n",
    "mol.build()\n",
    "\n",
    "# the 2 electron integrals \\langle \\mu \\nu | \\kappa \\lambda \\rangle have M^4 in the case of  case 16 distinct elements\n",
    "eri = mol.intor('int2e')\n",
    "eri.shape"
   ]
  },
  {
   "cell_type": "code",
   "execution_count": 5,
   "id": "0dc9d7da-7813-467b-97d7-45f4a80ad53a",
   "metadata": {},
   "outputs": [
    {
     "name": "stdout",
     "output_type": "stream",
     "text": [
      "converged SCF energy = -128.473876870668\n"
     ]
    }
   ],
   "source": [
    "mf = scf.RHF(mol)\n",
    "mf.kernel()\n",
    "J = mf.get_j()\n",
    "K = mf.get_k()\n",
    "C = mf.mo_coeff\n",
    "N = mol.nelec[0]\n",
    "P=np.matmul(C[:,0:N],C[:,0:N].T)"
   ]
  },
  {
   "cell_type": "code",
   "execution_count": 6,
   "id": "69af79ae-4b60-4c8c-840d-0c712ee97719",
   "metadata": {},
   "outputs": [
    {
     "name": "stdout",
     "output_type": "stream",
     "text": [
      "[[ 2.34250003e+01  4.30815331e+00  3.26823406e+00  0.00000000e+00\n",
      "   0.00000000e+00  0.00000000e+00  0.00000000e+00  0.00000000e+00\n",
      "   0.00000000e+00]\n",
      " [ 4.30815331e+00  1.24357919e+01  8.60782026e+00  0.00000000e+00\n",
      "   0.00000000e+00  0.00000000e+00  0.00000000e+00  0.00000000e+00\n",
      "   0.00000000e+00]\n",
      " [ 3.26823406e+00  8.60782026e+00  8.83395486e+00  0.00000000e+00\n",
      "   0.00000000e+00  0.00000000e+00  0.00000000e+00  0.00000000e+00\n",
      "   0.00000000e+00]\n",
      " [ 0.00000000e+00  0.00000000e+00  0.00000000e+00  1.28730330e+01\n",
      "   2.57074685e-18 -1.09724227e-18  4.93165923e+00  6.11710021e-18\n",
      "  -5.65309458e-19]\n",
      " [ 0.00000000e+00  0.00000000e+00  0.00000000e+00  2.57074685e-18\n",
      "   1.28730330e+01  6.82342258e-17  6.11710021e-18  4.93165923e+00\n",
      "   2.25076000e-17]\n",
      " [ 0.00000000e+00  0.00000000e+00  0.00000000e+00 -1.09724227e-18\n",
      "   6.82342258e-17  1.28730330e+01 -5.65309458e-19  2.25076000e-17\n",
      "   4.93165923e+00]\n",
      " [ 0.00000000e+00  0.00000000e+00  0.00000000e+00  4.93165923e+00\n",
      "   6.11710021e-18 -5.65309458e-19  6.70414026e+00  1.68594113e-17\n",
      "  -8.52520950e-19]\n",
      " [ 0.00000000e+00  0.00000000e+00  0.00000000e+00  6.11710021e-18\n",
      "   4.93165923e+00  2.25076000e-17  1.68594113e-17  6.70414026e+00\n",
      "   1.31383383e-17]\n",
      " [ 0.00000000e+00  0.00000000e+00  0.00000000e+00 -5.65309458e-19\n",
      "   2.25076000e-17  4.93165923e+00 -8.52520950e-19  1.31383383e-17\n",
      "   6.70414026e+00]]\n"
     ]
    }
   ],
   "source": [
    "print(J)"
   ]
  },
  {
   "cell_type": "code",
   "execution_count": 7,
   "id": "36f588bc-a6d9-4839-94b1-fedb31b408ff",
   "metadata": {},
   "outputs": [
    {
     "name": "stdout",
     "output_type": "stream",
     "text": [
      "[[ 2.34250003e+01  4.30815331e+00  3.26823406e+00  0.00000000e+00\n",
      "   0.00000000e+00  0.00000000e+00  0.00000000e+00  0.00000000e+00\n",
      "   0.00000000e+00]\n",
      " [ 4.30815331e+00  1.24357919e+01  8.60782026e+00  0.00000000e+00\n",
      "   0.00000000e+00  0.00000000e+00  0.00000000e+00  0.00000000e+00\n",
      "   0.00000000e+00]\n",
      " [ 3.26823406e+00  8.60782026e+00  8.83395486e+00  0.00000000e+00\n",
      "   0.00000000e+00  0.00000000e+00  0.00000000e+00  0.00000000e+00\n",
      "   0.00000000e+00]\n",
      " [ 0.00000000e+00  0.00000000e+00  0.00000000e+00  1.28730330e+01\n",
      "   6.07153217e-18  0.00000000e+00  4.93165923e+00  4.55364912e-18\n",
      "  -8.67361738e-19]\n",
      " [ 0.00000000e+00  0.00000000e+00  0.00000000e+00  6.07153217e-18\n",
      "   1.28730330e+01  8.32667268e-17  4.55364912e-18  4.93165923e+00\n",
      "   2.08166817e-17]\n",
      " [ 0.00000000e+00  0.00000000e+00  0.00000000e+00  0.00000000e+00\n",
      "   8.32667268e-17  1.28730330e+01 -8.67361738e-19  2.08166817e-17\n",
      "   4.93165923e+00]\n",
      " [ 0.00000000e+00  0.00000000e+00  0.00000000e+00  4.93165923e+00\n",
      "   6.07153217e-18 -8.67361738e-19  6.70414026e+00  1.64798730e-17\n",
      "  -8.67361738e-19]\n",
      " [ 0.00000000e+00  0.00000000e+00  0.00000000e+00  6.07153217e-18\n",
      "   4.93165923e+00  2.77555756e-17  1.64798730e-17  6.70414026e+00\n",
      "   1.38777878e-17]\n",
      " [ 0.00000000e+00  0.00000000e+00  0.00000000e+00 -8.67361738e-19\n",
      "   2.77555756e-17  4.93165923e+00 -8.67361738e-19  1.38777878e-17\n",
      "   6.70414026e+00]]\n"
     ]
    }
   ],
   "source": [
    "J_2 = build_J(eri,C,N)\n",
    "print(J_2)"
   ]
  },
  {
   "cell_type": "code",
   "execution_count": 8,
   "id": "7a251910-4e42-4b63-b033-32d0268de02c",
   "metadata": {},
   "outputs": [
    {
     "name": "stdout",
     "output_type": "stream",
     "text": [
      "0.9999999999999999 1.0\n"
     ]
    }
   ],
   "source": [
    "print(J[0,0]/J_2[0,0], J[1,1]/J_2[1,1])"
   ]
  },
  {
   "cell_type": "code",
   "execution_count": 9,
   "id": "042a68cf-f85a-4a8f-8585-ec6f67a0f32c",
   "metadata": {},
   "outputs": [
    {
     "name": "stdout",
     "output_type": "stream",
     "text": [
      "[[ 1.24802204e+01  2.01345026e+00  1.64951921e+00  0.00000000e+00\n",
      "   0.00000000e+00  0.00000000e+00  0.00000000e+00  0.00000000e+00\n",
      "   0.00000000e+00]\n",
      " [ 2.01345026e+00  3.65352126e+00  2.98783781e+00  0.00000000e+00\n",
      "   0.00000000e+00  0.00000000e+00  0.00000000e+00  0.00000000e+00\n",
      "   0.00000000e+00]\n",
      " [ 1.64951921e+00  2.98783781e+00  2.64819848e+00  0.00000000e+00\n",
      "   0.00000000e+00  0.00000000e+00  0.00000000e+00  0.00000000e+00\n",
      "   0.00000000e+00]\n",
      " [ 0.00000000e+00  0.00000000e+00  0.00000000e+00  3.08225045e+00\n",
      "  -8.02941674e-18 -8.84106684e-18  1.68027926e+00  6.64160195e-17\n",
      "  -6.24887079e-18]\n",
      " [ 0.00000000e+00  0.00000000e+00  0.00000000e+00 -8.02941674e-18\n",
      "   3.08225045e+00  6.33881006e-16  1.36763901e-16  1.68027926e+00\n",
      "   1.91944590e-16]\n",
      " [ 0.00000000e+00  0.00000000e+00  0.00000000e+00 -8.84106684e-18\n",
      "   6.33881006e-16  3.08225045e+00 -7.99630309e-18  2.72119906e-16\n",
      "   1.68027926e+00]\n",
      " [ 0.00000000e+00  0.00000000e+00  0.00000000e+00  1.68027926e+00\n",
      "   1.36763901e-16 -7.99630309e-18  1.22670560e+00  1.60155833e-16\n",
      "  -6.85822725e-18]\n",
      " [ 0.00000000e+00  0.00000000e+00  0.00000000e+00  6.64160195e-17\n",
      "   1.68027926e+00  2.72119906e-16  1.60155833e-16  1.22670560e+00\n",
      "   4.78308275e-17]\n",
      " [ 0.00000000e+00  0.00000000e+00  0.00000000e+00 -6.24887079e-18\n",
      "   1.91944590e-16  1.68027926e+00 -6.85822725e-18  4.78308275e-17\n",
      "   1.22670560e+00]]\n"
     ]
    }
   ],
   "source": [
    "print(K)"
   ]
  },
  {
   "cell_type": "code",
   "execution_count": 10,
   "id": "97fc6b93-276a-4e90-bc8c-d495f6de3d08",
   "metadata": {},
   "outputs": [
    {
     "name": "stdout",
     "output_type": "stream",
     "text": [
      "[[ 1.24802204e+01  2.01345026e+00  1.64951921e+00  0.00000000e+00\n",
      "   0.00000000e+00  0.00000000e+00  0.00000000e+00  0.00000000e+00\n",
      "   0.00000000e+00]\n",
      " [ 2.01345026e+00  3.65352126e+00  2.98783781e+00  0.00000000e+00\n",
      "   0.00000000e+00  0.00000000e+00  0.00000000e+00  0.00000000e+00\n",
      "   0.00000000e+00]\n",
      " [ 1.64951921e+00  2.98783781e+00  2.64819848e+00  0.00000000e+00\n",
      "   0.00000000e+00  0.00000000e+00  0.00000000e+00  0.00000000e+00\n",
      "   0.00000000e+00]\n",
      " [ 0.00000000e+00  0.00000000e+00  0.00000000e+00  3.08225045e+00\n",
      "   0.00000000e+00  2.77555756e-17  1.68027926e+00  5.89805982e-17\n",
      "  -6.93889390e-18]\n",
      " [ 0.00000000e+00  0.00000000e+00  0.00000000e+00  0.00000000e+00\n",
      "   3.08225045e+00  5.55111512e-16  1.45716772e-16  1.68027926e+00\n",
      "   1.66533454e-16]\n",
      " [ 0.00000000e+00  0.00000000e+00  0.00000000e+00 -1.38777878e-17\n",
      "   5.55111512e-16  3.08225045e+00 -6.93889390e-18  2.22044605e-16\n",
      "   1.68027926e+00]\n",
      " [ 0.00000000e+00  0.00000000e+00  0.00000000e+00  1.68027926e+00\n",
      "   1.66533454e-16 -6.93889390e-18  1.22670560e+00  1.73472348e-16\n",
      "  -1.38777878e-17]\n",
      " [ 0.00000000e+00  0.00000000e+00  0.00000000e+00  5.89805982e-17\n",
      "   1.68027926e+00  2.77555756e-16  1.45716772e-16  1.22670560e+00\n",
      "   5.55111512e-17]\n",
      " [ 0.00000000e+00  0.00000000e+00  0.00000000e+00 -6.93889390e-18\n",
      "   1.66533454e-16  1.68027926e+00  6.93889390e-18  5.55111512e-17\n",
      "   1.22670560e+00]]\n"
     ]
    }
   ],
   "source": [
    "K_2 = build_K(eri,C,N)\n",
    "print(K_2)"
   ]
  }
 ],
 "metadata": {
  "kernelspec": {
   "display_name": "Python 3 (ipykernel)",
   "language": "python",
   "name": "python3"
  },
  "language_info": {
   "codemirror_mode": {
    "name": "ipython",
    "version": 3
   },
   "file_extension": ".py",
   "mimetype": "text/x-python",
   "name": "python",
   "nbconvert_exporter": "python",
   "pygments_lexer": "ipython3",
   "version": "3.10.12"
  }
 },
 "nbformat": 4,
 "nbformat_minor": 5
}
